000000000000000000000000000000
000000110000000000000011000000
000001111000000000000111100000
000001211000000000000112100000
000001221000001100000122100000
000001221011011110110122100000
000001221111111111111122100000
000001222111111111111222100000
000000121111111111111121000000
000000011111111111111110000000
000000011111111111111110000000
000000133133111111331331000000
000000344344313313443443000000
000003444442432234444424300000
000003444424432234444244300000
000000344444322223444443000000
000000134443222222344431000000
000001113432242242234311100000
000001111312224422213111100000
000011111112224422211111110000
000011111112424424211111110000
000001111112242242211111100000
000001111112222222211111100000
000011111111222222111111110000
000011111111111111111111110000
000001111111111111111111100000
000001111111111111111111100000
000011111111111111111111110000
000011111111111111111111110000
000000000000000000000000000000